9530
1659
8579
1586
4520
6505
666
9335
4560
5096
9079
9471
4853
2605
6817
5865
4650
9506
2802
5581
8076
8441
6562
7631
1909
6502
6691
9653
9269
672
6593
660
9247
7134
4570
5635
8388
9167
373
4689
7001
102
3740
1320
1844
4564
4212
3347
216
291
8500
9145
5457
3072
6467
1648
7440
8752
1250
6127
9647
5086
461
9480
4049
5987
570
5025
2150
4328
9214
9284
92
966
238
3456
8117
8483
9636
3084
8364
1146
5852
5464
792
35
6482
1995
7186
5031
3379
3811
8177
3036
7157
4360
2786
7878
9331
7996
1366
5232
113
3088
9124
9939
9085
9971
5960
7920
4527
7925
6625
8877
3989
4798
595
3157
4545
2054
7944
8784
8562
9638
2311
3654
7257
864
9775
8225
8540
5912
1304
4791
8948
6801
5594
7408
5741
7317
128
7181
6300
4483
6784
6737
7292
1735
4099
644
7966
4057
146
9568
758
6967
5595
3615
4556
8342
8947
4949
7663
5976
2227
7515
4886
3833
5561
953
4419
5762
4950
3273
1847
9205
1655
2509
4096
3569
5230
4589
583
2926
6703
4083
4186
4939
2064
6781
3600
4959
2494
7941
635
7400
2588
6965
6506
7011
2860
1487
8119
9728
2835
3465
5046
9697
9842
5165
3564
4716
2686
6485
8818
2115
4507
9711
4356
8831
0
8900
7123
3609
2671
4986
1680
2143
412
335
719
2427
4303
1336
5844
8601
6985
5984
5216
6992
9373
4941
4363
6976
2068
1585
1473
3806
6675
181
915
9562
2285
9013
7029
7692
1500
5191
6461
1135
724
3190
6925
6145
240
8216
645
8245
4643
3822
4987
8079
7102
7939
8447
8476
1990
2253
9871
1951
2709
5293
7371
6948
9884
7570
6144
6184
2940
1982
3794
7730
6822
7269
9368
1747
7731
9621
355
515
4597
8045
1067
5747
5910
7766
4978
1503
2618
4765
2393
4119
9360
1222
7432
3694
8845
7296
8411
1279
6310
8473
381
9150
849
1910
7753
4732
2836
9848
2276
8982
8566
9332
4383
3233
6105
3414
4733
9987
4919
3261
8938
1966
2468
579
6741
4225
3516
1393
6850
9528
9227
2502
9684
2274
7318
1698
4421
3438
6694
6608
9138
3032
5245
9010
3517
8602
6946
3239
433
6473
5555
360
7836
1938
3149
7812
4448
6530
9021
1636
3605
2833
9541
9840
8035
8630
8013
8970
3714
297
7767
4766
1534
3391
8242
7669
6387
2336
5199
7621
7481
7709
6932
7892
2017
7768
213
7795
6637
3205
9566
8799
4849
1010
1797
5276
5885
6412
3250
127
6909
5300
3922
974
3903
2791
1978
1057
7311
6772
3666
7335
1060
4321
3862
9008
7412
2678
5578
7077
6535
3288
847
2258
7272
690
8977
7214
185
343
7840
6020
3930
6704
416
4343
5906
6929
9170
741
2781
7309
8658
2991
2113
2380
4229
6665
1540
8361
8360
3510
5196
4887
3210
5899
3131
3202
3964
7322
6944
8928
4840
1779
147
1997
8160
1765
3083
19
2838
9195
535
2976
1841
2412
7644
7483
