40
3971
1216
1271
6650
5865
9322
6424
6796
4334
5954
4446
6219
1795
5492
1835
9709
5588
5033
4779
3211
2093
4832
6157
1396
6322
1720
1039
8300
6486
5977
324
5605
3519
8230
4098
7222
221
458
5502
2630
2875
2432
512
7656
4910
6248
402
2814
2395
6851
2697
9524
1856
7205
8323
4896
6873
5098
698
2048
130
3188
8410
3132
6058
2570
8083
5322
1256
1380
7365
1409
126
664
3285
2896
6232
7247
5550
9882
3051
9853
8274
7530
285
8680
4544
534
8420
9399
5369
4822
6098
3569
5626
5442
8833
6436
9291
6829
12
8753
8809
5558
4262
7709
5264
2003
638
3908
3253
4481
5181
4989
3200
4218
1306
3416
9736
6551
8464
4433
580
57
6476
6367
4134
7664
4206
1206
5007
5294
543
4300
7797
8734
4064
5083
3070
6209
1230
3445
418
1985
3534
1579
8389
2470
4129
34
7112
742
7479
9092
4000
2073
8013
863
4015
5087
3312
4567
714
4229
3259
9467
4581
474
4925
8696
9935
614
6192
1219
9017
6298
390
6154
3674
6957
9361
1132
7111
612
6142
5259
6049
3444
2656
8207
6309
8460
6919
1773
1595
5763
5174
8510
1267
2767
293
6869
8250
3925
6995
3561
6423
4976
3789
6277
2210
5572
2984
4914
9734
5526
7267
7780
3461
1474
211
1960
2502
8367
3255
4211
148
2521
8759
9809
524
641
4527
7711
485
3941
2214
6951
1063
7010
8934
9185
6130
5354
2477
7225
3345
7149
2161
8673
7341
1995
8631
3903
6502
3111
1567
7158
3630
5992
1545
7498
2943
6864
1884
6596
3997
1778
2033
6797
6545
1748
3057
2224
9147
3481
5006
4571
5470
3288
5583
5403
870
6879
2389
6884
3948
6117
7885
9651
7866
3441
7013
4728
713
427
171
3003
262
3191
8845
9095
8503
1656
2216
8980
3368
6918
3595
6768
7556
2531
841
6622
4758
838
1901
8038
8931
8707
520
692
1091
2546
2445
5405
6770
7934
2698
6695
7353
3809
3736
1385
2313
1569
1851
5438
4486
9618
6874
229
4900
6955
5232
5958
2039
486
8333
47
7318
5414
2554
2350
7403
3653
9817
8281
8602
728
3161
7104
8604
3510
5765
9964
480
6663
1185
5635
5103
7857
546
4379
4869
8073
9537
8974
7741
4720
8877
733
3427
611
7103
747
1605
6075
3681
5311
1070
5794
8175
5209
9544
8552
5695
4946
2365
2187
994
439
4003
5959
7021
8138
8217
2976
5883
5608
4524
4186
4476
924
5887
6090
1812
6186
7317
7969
4344
3950
4774
1234
3308
1194
11
6680
3452
9934
9370
1425
545
4126
2507
4926
4273
3123
2694
7927
4574
9349
4080
1974
6023
5026
202
3482
6552
6358
7879
3526
6946
4428
2949
1758
2381
5969
3879
1109
7373
4418
9696
2315
9945
8275
9300
1330
4558
4319
9968
1920
2529
5644
510
715
5396
9704
8490
9813
310
9528
1358
5756
5499
2878
7474
2975
3069
1352
2900
2954
5881
8613
5370
5425
6913
3373
4663
